[[0 0 0 0 0 0 0 0 0 0 0 0] [0 1 0 0 2 0 0 0 0 0 1 0 0 1 0 0 0 0 0 0 1 0 2 0 0 2 0 0 1 0 0 0 0 0 1 0] [0 0 0 0 0 0 0 0 0 0 0 0 0 0 0 0 0 0 0 0 0 0 0 0 0 0 0 0 0 0 0 0 0 0 0 0] [1 0 0 2 0 0 0 0 0 0 1 0]]
[[0 0 0 0 0 0 0 0 0 0 0 0] [0 1 0 0 2 0 0 0 0 0 1 0 0 1 0 0 0 0 0 0 1 0 2 0 0 2 0 0 1 0 0 0 0 0 1 0] [0 0 0 0 0 0 0 0 0 0 0 0 0 0 0 0 0 0 0 0 0 0 0 0 0 0 0 0 0 0 0 0 0 0 0 0] [1 0 0 2 0 0 0 0 0 0 1 0]]
---- Iteration 0:
{:action :play-cards, :player 0, :cc :mer, :cv :war}
[[0 0 0 0 1 0 0 0 0 0 0 0] [0 0 0 0 1 0 0 0 0 0 1 0 0 1 0 0 0 0 0 0 1 0 2 0 0 2 0 0 1 0 0 0 0 0 1 0] [0 1 0 0 0 0 0 0 0 0 0 0 0 0 0 0 0 0 0 0 0 0 0 0 0 0 0 0 0 0 0 0 0 0 0 0] [1 0 0 2 0 0 0 0 0 0 1 0]]
{:action :play-cards, :player 1, :cc :war, :cv :blk}
[[0 1 0 0 1 0 0 0 0 0 0 0] [0 0 0 0 1 0 0 0 0 0 1 0 0 0 0 0 0 0 0 0 0 0 2 0 0 2 0 0 1 0 0 0 0 0 1 0] [0 1 0 0 0 0 0 0 0 0 0 0 0 0 0 0 0 0 0 0 1 0 0 0 0 0 0 0 0 0 0 0 0 0 0 0] [1 0 0 2 0 0 0 0 0 0 1 0]]
{:action :play-cards, :player 2, :cc :sea, :cv :mer}
[[0 1 0 0 1 0 0 0 0 0 1 0] [0 0 0 0 1 0 0 0 0 0 1 0 0 0 0 0 0 0 0 0 0 0 2 0 0 2 0 0 0 0 0 0 0 0 0 0] [0 1 0 0 0 0 0 0 0 0 0 0 0 0 0 0 0 0 0 0 1 0 0 0 0 0 0 0 1 0 0 0 0 0 0 0] [1 0 0 2 0 0 0 0 0 0 1 0]]
---- Iteration 1:
{:action :play-cards, :player 0, :cc :mer, :cv :sea}
[[0 1 0 0 2 0 0 0 0 0 1 0] [0 0 0 0 0 0 0 0 0 0 0 0 0 0 0 0 0 0 0 0 0 0 2 0 0 2 0 0 0 0 0 0 0 0 0 0] [0 1 0 0 0 0 0 0 0 0 1 0 0 0 0 0 0 0 0 0 1 0 0 0 0 0 0 0 1 0 0 0 0 0 0 0] [1 0 0 2 0 0 0 0 0 0 1 0]]
{:action :play-cards, :player 1, :cc :sea, :cv :sea}
[[0 1 0 0 2 0 0 0 0 0 2 0] [0 0 0 0 0 0 0 0 0 0 0 0 0 0 0 0 0 0 0 0 0 0 0 0 0 2 0 0 0 0 0 0 0 0 0 0] [0 1 0 0 0 0 0 0 0 0 1 0 0 0 0 0 0 0 0 0 1 0 1 0 0 0 0 0 1 0 0 0 0 0 0 0] [1 0 0 2 0 0 0 0 0 0 1 0]]
{:action :play-cards, :player 2, :cc :war, :cv :war}
[[0 2 0 0 2 0 0 0 0 0 2 0] [0 0 0 0 0 0 0 0 0 0 0 0 0 0 0 0 0 0 0 0 0 0 0 0 0 0 0 0 0 0 0 0 0 0 0 0] [0 1 0 0 0 0 0 0 0 0 1 0 0 0 0 0 0 0 0 0 1 0 1 0 0 1 0 0 1 0 0 0 0 0 0 0] [1 0 0 2 0 0 0 0 0 0 1 0]]
---- Iteration 2:
[[0 0 0 0 0 0 0 0 0 0 0 0] [0 1 0 0 2 0 0 0 0 0 1 0 0 1 0 0 0 0 0 0 1 0 2 0 0 2 0 0 1 0 0 0 0 0 1 0] [0 0 0 0 0 0 0 0 0 0 0 0 0 0 0 0 0 0 0 0 0 0 0 0 0 0 0 0 0 0 0 0 0 0 0 0] [1 0 0 2 0 0 0 0 0 0 1 0]]
[[0 0 0 0 0 0 0 0 0 0 0 0] [0 1 0 0 2 0 0 0 0 0 1 0 0 1 0 0 0 0 0 0 1 0 2 0 0 2 0 0 1 0 0 0 0 0 1 0] [0 0 0 0 0 0 0 0 0 0 0 0 0 0 0 0 0 0 0 0 0 0 0 0 0 0 0 0 0 0 0 0 0 0 0 0] [1 0 0 2 0 0 0 0 0 0 1 0]]
---- Iteration 0:
{:action :play-cards, :player 0, :cc :mer, :cv :sea}
[[0 0 0 0 1 0 0 0 0 0 0 0] [0 1 0 0 1 0 0 0 0 0 0 0 0 1 0 0 0 0 0 0 1 0 2 0 0 2 0 0 1 0 0 0 0 0 1 0] [0 0 0 0 0 0 0 0 0 0 1 0 0 0 0 0 0 0 0 0 0 0 0 0 0 0 0 0 0 0 0 0 0 0 0 0] [1 0 0 2 0 0 0 0 0 0 1 0]]
{:action :play-cards, :player 1, :cc :sea, :cv :sea}
[[0 0 0 0 1 0 0 0 0 0 1 0] [0 1 0 0 1 0 0 0 0 0 0 0 0 1 0 0 0 0 0 0 1 0 0 0 0 2 0 0 1 0 0 0 0 0 1 0] [0 0 0 0 0 0 0 0 0 0 1 0 0 0 0 0 0 0 0 0 0 0 1 0 0 0 0 0 0 0 0 0 0 0 0 0] [1 0 0 2 0 0 0 0 0 0 1 0]]
{:action :play-cards, :player 2, :cc :mer, :cv :sea}
[[0 0 0 0 2 0 0 0 0 0 1 0] [0 1 0 0 1 0 0 0 0 0 0 0 0 1 0 0 0 0 0 0 1 0 0 0 0 2 0 0 0 0 0 0 0 0 0 0] [0 0 0 0 0 0 0 0 0 0 1 0 0 0 0 0 0 0 0 0 0 0 1 0 0 0 0 0 0 0 0 0 0 0 1 0] [1 0 0 2 0 0 0 0 0 0 1 0]]
---- Iteration 1:
{:action :play-cards, :player 0, :cc :war, :cv :mer}
[[0 1 0 0 2 0 0 0 0 0 1 0] [0 0 0 0 0 0 0 0 0 0 0 0 0 1 0 0 0 0 0 0 1 0 0 0 0 2 0 0 0 0 0 0 0 0 0 0] [0 0 0 0 1 0 0 0 0 0 1 0 0 0 0 0 0 0 0 0 0 0 1 0 0 0 0 0 0 0 0 0 0 0 1 0] [1 0 0 2 0 0 0 0 0 0 1 0]]
{:action :play-cards, :player 1, :cc :blk, :cv :war}
[[0 1 0 0 2 0 0 0 1 0 1 0] [0 0 0 0 0 0 0 0 0 0 0 0 0 0 0 0 0 0 0 0 0 0 0 0 0 2 0 0 0 0 0 0 0 0 0 0] [0 0 0 0 1 0 0 0 0 0 1 0 0 1 0 0 0 0 0 0 0 0 1 0 0 0 0 0 0 0 0 0 0 0 1 0] [1 0 0 2 0 0 0 0 0 0 1 0]]
{:action :play-cards, :player 2, :cc :war, :cv :war}
[[0 2 0 0 2 0 0 0 1 0 1 0] [0 0 0 0 0 0 0 0 0 0 0 0 0 0 0 0 0 0 0 0 0 0 0 0 0 0 0 0 0 0 0 0 0 0 0 0] [0 0 0 0 1 0 0 0 0 0 1 0 0 1 0 0 0 0 0 0 0 0 1 0 0 1 0 0 0 0 0 0 0 0 1 0] [1 0 0 2 0 0 0 0 0 0 1 0]]
---- Iteration 2:
{:action :play-cards, :player 0, :cc :sea, :cv :war}
[[0 0 0 0 0 0 0 0 0 0 1 0] [0 0 0 0 2 0 0 0 0 0 0 0 0 1 0 0 0 0 0 0 1 0 2 0 0 2 0 0 1 0 0 0 0 0 1 0] [0 1 0 0 0 0 0 0 0 0 0 0 0 0 0 0 0 0 0 0 0 0 0 0 0 0 0 0 0 0 0 0 0 0 0 0] [1 0 0 2 0 0 0 0 0 0 1 0]]
{:action :play-cards, :player 0, :cc :mer, :cv :mer}
[[0 0 0 0 1 0 0 0 0 0 1 0] [0 0 0 0 0 0 0 0 0 0 0 0 0 1 0 0 0 0 0 0 1 0 2 0 0 2 0 0 1 0 0 0 0 0 1 0] [0 1 0 0 1 0 0 0 0 0 0 0 0 0 0 0 0 0 0 0 0 0 0 0 0 0 0 0 0 0 0 0 0 0 0 0] [1 0 0 2 0 0 0 0 0 0 1 0]]
{:action :play-cards, :player 1, :cc :war, :cv :sea}
[[0 1 0 0 1 0 0 0 0 0 1 0] [0 0 0 0 0 0 0 0 0 0 0 0 0 0 0 0 0 0 0 0 1 0 1 0 0 2 0 0 1 0 0 0 0 0 1 0] [0 1 0 0 1 0 0 0 0 0 0 0 0 0 0 0 0 0 0 0 0 0 1 0 0 0 0 0 0 0 0 0 0 0 0 0] [1 0 0 2 0 0 0 0 0 0 1 0]]
{:action :play-cards, :player 2, :cc :sea, :cv :mer}
[[0 1 0 0 1 0 0 0 0 0 2 0] [0 0 0 0 0 0 0 0 0 0 0 0 0 0 0 0 0 0 0 0 1 0 1 0 0 2 0 0 0 0 0 0 0 0 0 0] [0 1 0 0 1 0 0 0 0 0 0 0 0 0 0 0 0 0 0 0 0 0 1 0 0 0 0 0 1 0 0 0 0 0 0 0] [1 0 0 2 0 0 0 0 0 0 1 0]]
